dim: 2
grid: 40x40
particles: 1600
active_elements: 1200
mpm_final_compliance: 90.54586734446481
mpm_final_volume: 0.39999906732769464
ref_final_compliance: 90.54572458929523
ref_final_volume: 0.39999986463375575
corr: 0.999999999925896
rmse: 5.960030639705921e-06
iou@0.5: 1.0
dice@0.5: 1.0
active_binary_mpm: 481
active_binary_ref: 481
matches_simp: True
gif: not requested