dim: 3
grid: 30x10x6
particles: 1800
active_elements: 1800
mpm_final_compliance: 46.05497017497331
mpm_final_volume: 0.29999892315535204
ref_final_compliance: 46.05497471431519
ref_final_volume: 0.2999988996192047
corr: 0.9999999999740982
rmse: 3.189124585119815e-06
iou@0.5: 1.0
dice@0.5: 1.0
active_binary_mpm: 542
active_binary_ref: 542
matches_simp: True
gif: not requested