dim: 2
grid: 60x20
particles: 1200
active_elements: 1200
mpm_final_compliance: 175.39401117662345
mpm_final_volume: 0.499999307887368
ref_final_compliance: 175.39387782942265
ref_final_volume: 0.49999953088784593
corr: 0.9999999985834435
rmse: 2.6164522013007895e-05
iou@0.5: 1.0
dice@0.5: 1.0
active_binary_mpm: 600
active_binary_ref: 600
matches_simp: True
gif: not requested