dim: 3
grid: 30x10x6
particles: 1800
active_elements: 1800
mpm_final_compliance: 6.207765916781127
mpm_final_volume: 0.3000000797779972
ref_final_compliance: 6.207763372560295
ref_final_volume: 0.3000006673007835
corr: 0.9999999998619076
rmse: 7.438691825993563e-06
iou@0.5: 1.0
dice@0.5: 1.0
active_binary_mpm: 536
active_binary_ref: 536
matches_simp: True
gif: not requested